2

1
0. 2
0. 2

2 
1. 1
0. 3

3 
1. 2
0. 4

4 
1. 3
0. 5

5 
1. 4
0. 6

6 
1. 5
0. 7

7 
1. 6
0. 8

8 
1. 7
0. 9

9 
1. 8
0. 10

10
1. 9
0. 11

11
1. 10
0. 12

12
1. 11
0. 13

13
1. 12
0. 14

14
1. 13
0. 15

15
1. 14
0. 16

16
1. 15
0.5 17

17
-0.5 16
0.5 18

18
-0.5 17
0.5 19

19
-0.5 18
0.5 20

20
-0.5 19
0.5 21

21
-0.5 20
0.5 22

22
-0.5 21
0.5 23

23
-0.5 22
0.5 24

24
-0.5 23
0.5 25

25
-0.5 24
0.5 26

26
-0.5 25
0.5 27

27
-0.5 26
0.5 28

28
-0.5 27
0.5 29

29
-0.5 28
0.5 30

30
-0.5 29
0.5 31

31
-0.5 30
0.5 32

32
-0.5 31
-0.5 31








