202.822
157.797
95.5689
95.5689
165.097
165.097
206.949
188.672
188.672
305.918
177.193
74.6342
113.814
113.814
188.504
180.461
180.461
163.668
191.95
216.29
57.7275
57.7275
57.7275
180.394
150.162
150.162
139.075
44.5329
44.5329
136.076
136.076
105.085
105.085
62.0185
62.0185
139.608
139.608
155.468
136.261
136.261
151.368
202.6
202.6
79.7485
133.815
133.815
67.6533
178.348
178.348
63.3125
148.907
148.907
116.693
116.693
48.589
48.589
104.708
70.1462
70.1462
122.948
122.948
186.155
42.4813
42.4813
308.068
107.763
107.763
238.458
89.7633
89.7633
61.1279
61.1279
178.888
178.888
39.2717
255.374
255.374
176.36
109.25
205.041
205.041
88.0535
139.046
325.683
54.2109
54.2109
54.2109
263.461
187.83
42.8944
42.8944
98.3045
98.3045
203.405
203.405
234.259
82.1685
103.643
103.643
219.296
