505.873
545.704
577.424
428.833
450.54
718.571
444.66
338.761
630.98
601.615
554.181
470.347
645.294
741.103
490.39
355.316
358.682
638.863
528.629
346.308
526.968
352.508
565.683
467.768
579.824
425.785
563.217
969.779
784.033
605.736
654.674
482.155
331.181
594.595
399.007
518.278
601.384
433.451
410.119
499.786
737.381
433.871
516.708
437.671
429.633
473.656
568.678
372.296
569.151
485.222
342.665
613.337
563.274
367.793
822.942
536.07
517.31
524.612
465.12
970.113
548.289
605.95
522.376
505.678
541.456
460.397
356.817
314.871
474.64
448.71
409.784
503.323
520.795
369.238
510.217
507.302
551.244
494.743
481.662
442.334
339.336
660.669
688.039
442.386
518.024
616.056
500.473
505.416
378.178
421.878
586.665
528.507
607.059
354.684
348.071
403.66
617.071
508.088
513.294
671.556
