103.842
99.0036
64.2603
80.4302
60.3424
75.9433
83.6693
91.9089
161.673
93.9702
103.963
88.8739
91.1409
74.4771
81.9612
73.571
82.7061
85.0424
64.2039
121.467
111.264
95.2623
65.6792
76.1419
98.4551
85.5086
85.746
75.148
91.3389
80.1542
83.4083
65.9247
112.094
76.7713
69.5486
105.02
73.7383
82.4153
65.5854
88.8118
90.4731
88.1211
74.4726
76.6069
90.5824
113.094
73.1612
52.4777
68.735
77.5494
71.6007
73.4067
91.856
95.0186
76.7768
104.451
70.8246
82.4925
114.119
81.872
72.9932
50.7903
79.797
82.8244
99.8644
70.9844
99.6029
92.4619
101.986
107.557
91.2372
109.775
57.6774
82.1091
87.3994
83.5147
93.6591
94.8277
79.6977
65.2887
82.8332
75.229
84.6102
64.6194
73.5723
84.3619
79.6427
85.051
93.4799
72.9922
66.4121
92.2894
95.1268
93.7434
71.6476
85.1891
72.3931
72.584
105.673
80.3205
