104.613
95.7677
51.1594
77.0713
60.4455
64.6578
59.367
69.3406
73.0674
75.1865
76.2378
73.0343
88.0771
72.6862
68.0565
83.5235
62.127
71.6359
60.9606
71.2614
49.3569
64.3955
79.8355
65.2463
85.0783
88.608
84.3914
78.307
71.2773
61.7709
63.2496
75.4452
54.2646
65.1724
53.064
111.758
73.8901
53.2294
48.2792
68.2268
69.9778
75.8273
53.5367
113.793
80.5013
54.59
51.649
54.1223
124.769
62.6413
56.2758
66.6739
62.2565
86.7768
81.6765
72.0273
61.0445
68.6987
80.5782
65.8041
85.1255
73.9731
82.4156
62.8357
108.451
95.4238
68.809
54.9034
84.0826
61.9943
69.0045
85.5465
83.1062
60.2702
78.9113
68.2483
48.0856
61.0421
63.4411
82.3115
64.0593
61.704
97.1032
65.6525
93.8797
75.5162
69.9786
84.6265
66.0574
72.0288
84.6408
50.0215
52.33
72.5058
61.7774
65.5586
70.3507
49.4558
50.8699
78.6836
