48.7785
48.7359
48.7359
95.5565
42.5238
37.582
37.582
64.5772
55.3982
70.5938
70.5938
53.3578
34.5092
34.5092
56.2593
51.3996
51.3996
22.7889
22.7889
51.5373
51.5373
31.925
31.925
48.4302
45.8468
45.8468
52.1824
52.1824
38.5591
41.9253
41.9253
57.685
46.7371
41.2106
41.2106
42.5372
42.5372
52.8609
52.3425
42.455
42.455
54.5742
56.8002
56.8002
56.0653
54.7868
34.5899
34.5899
42.2725
42.2725
51.6097
38.1335
38.1335
69.6049
43.9561
43.9561
52.0225
52.0225
62.3898
39.1097
54.0099
54.0099
47.7582
47.3592
47.3592
51.4345
51.4345
78.3545
23.1507
23.1507
73.7084
73.7084
53.8053
52.8173
39.8243
39.8243
60.1412
60.1412
45.3253
29.9234
29.9234
43.658
43.658
52.6414
47.7947
47.7947
56.0439
54.0165
54.0165
89.2272
44.5143
44.5143
29.0706
29.0706
58.842
58.842
52.2532
34.6329
34.6329
63.1667
