266.99
263.783
577.614
303.401
393.337
274.064
342.744
337.06
449.824
505.354
364.736
334.957
238.856
291.48
427.445
290.656
407.815
414.619
356.213
330.34
242.803
233.175
415.485
263.161
395.948
320.03
309.897
190.43
291.436
361.875
376.132
356.661
519.48
303.299
363.075
416.984
589.729
191.607
369.397
442.725
369.233
385.969
411.802
446.859
258.102
226.746
255.669
401.451
278.766
251.766
349.75
262.418
377.261
287.098
257.005
410.953
312.049
331.652
430.621
266.009
413.48
249.601
222.97
367.944
315.197
319.629
216.675
264.883
356.668
383.206
262.537
275.587
352.043
289.481
568.746
467.646
326.887
306.361
421.986
392.124
434.577
348.533
305.341
562.09
585.051
286.521
444.189
217.508
443.297
256.715
304.186
260.937
220.048
491.862
343.449
360.167
291.044
216.799
261.673
369.369
