450.461
658.327
390.732
428.457
301.429
397.638
769.965
310.106
479.205
421.667
639.84
642.651
385.27
566.556
441.62
366.821
295.119
431.927
543.802
475.346
439.091
655.994
569.917
457.264
504.964
461.751
596.787
401.424
527.836
446.443
401.795
376.546
311.741
444.751
615.082
456.825
325.629
389.78
869.272
392.723
235.02
470.877
483.068
637.59
473.451
497.115
383.859
451.459
304.5
436.67
391.871
436.134
361.745
586.345
374.285
624.328
370.189
452.048
689.247
1288.22
502.716
789.774
515.307
544.592
371.735
710.932
290.158
530.476
435.774
555.751
554.135
384.776
474.6
485.516
445.788
657.704
585.578
423.275
364.66
379.295
975.346
362.276
296.746
424.441
602.164
608.327
394.079
388.239
304.801
623.987
669.243
655.841
601.993
343.182
502.526
541.253
843.07
550.289
581.638
502.119
