129.848
118.988
165.719
110.314
128.374
162.047
134.629
211.455
127.439
155.728
103.215
194.141
250.876
121.016
154.435
106.671
122.143
254.828
178.531
125.389
96.8017
139.983
282.659
73.1249
223.808
124.484
121.187
95.0845
157.264
154.493
171.256
156.328
97.6527
126.014
119.668
108.264
156.193
149.913
130.98
151.797
93.3382
163.861
122.32
97.0683
116.181
98.6659
129.995
150.11
144.653
126.543
195.547
80.2191
113.507
465.523
117.204
83.2037
92.8682
127.321
153.131
94.4013
128.521
111.943
116.615
181.841
125.198
110.698
116.677
204.991
141.526
234.953
102.436
136.327
1479.46
139.5
120.904
122.207
137.406
139.488
98.0684
103.543
177.546
137.682
122.591
187.886
95.3411
174.779
198.698
163.519
132.359
214.506
115.84
196.436
129.426
289.152
109.274
153.64
117.517
120.76
172.953
157.448
