141.678
285.487
239.533
141.715
269.636
265.541
324.092
306.406
203.068
323.73
263.699
174.632
232.706
295.853
298.833
205.599
165.769
267.922
206.866
317.483
189.103
225.042
224.225
212.873
223.206
176.628
378.409
256.034
248.922
250.972
323.583
243.153
300.327
255.831
240.164
221.307
229.032
179.291
192.675
166.508
217.611
146.851
219.349
282.561
151.821
202.09
389.809
317.04
223.155
131.297
204.567
260.196
259.746
232.352
166.066
213.487
181.054
224.275
276.933
200.163
196.509
184.941
188.687
162.027
228.599
215.248
310.111
205.834
255.214
251.975
329.715
152.146
250.892
282.087
285.766
224.812
419.557
242.402
200.003
171.184
172.335
195.52
426.369
159.295
265.259
180.191
228.984
215.144
234.672
185.36
154.769
191.171
179.443
167.045
188.672
395.534
434.031
162.975
269.044
310.813
