514.588
508.443
627.059
767.147
718.167
694.328
647.242
934.807
489.949
556.031
538.904
497.343
748.217
619.193
607.766
537.298
652.849
582.962
614.914
860.309
651.781
501.314
978.784
559.533
608.904
731.707
619.241
722.818
736.869
459.583
645.155
563.711
749.772
652.722
487.971
605.339
395.361
882.578
631.032
500.484
524.169
516.783
608.536
615.7
708.2
618.883
578.664
604.531
608.476
460.941
698.55
564.985
560.162
572.472
607.353
561.2
908.587
1018.42
793.359
543.586
511.239
564.071
618.195
512.964
630.299
510.001
530.022
358.073
537.814
497.31
572.482
563.27
591.023
732.893
708.682
862.976
496.158
457.925
501.435
453.721
633.555
596.663
523.929
636.833
543.144
513.08
561.052
609.744
680.337
676.569
764.126
534.397
485.668
713.407
497.679
726.48
563.509
623.207
734.433
660.032
