754.112
1003.38
621.221
872.579
928.663
711.405
902.503
1078.07
998.71
713.506
829.856
623.24
800.222
589.629
506.141
889.827
704.977
521.183
924.444
941.932
911.437
693.138
1892.08
792.65
681.479
681.209
527.036
492.174
433.379
710.907
751.325
872.229
773.215
905.376
585.923
618.41
524.895
1065.46
526.066
685.987
469.663
873.278
572.524
588.056
617.085
710.477
695.213
427.258
793.98
840.701
743.824
397.28
413.732
653.85
724.98
710.997
947.153
976.721
564.313
957.166
769.157
682.206
572.351
1567.96
1041.27
500.972
1074.8
615.118
722.161
728.458
757.967
591.713
651.101
860.457
740.973
716.431
517.362
625.717
624.867
587.984
574.35
692.695
911.685
924.634
769.528
545.691
454.187
864.322
409.271
738.229
475.77
973.873
988.042
730.04
672.375
608.535
582.86
530.364
669.776
721.719
