268.353
246.214
273.9
278.653
283.071
192.602
317.555
190.66
210.899
209.985
274.186
259.93
283.5
286.164
295.908
454.559
190.155
210.085
363.641
199.722
289.573
227.322
246.758
225.864
208.747
304.346
223.797
264.616
214.832
264.871
206.037
256.929
308.367
347.956
273.188
232.206
240.756
211.128
206.244
318.524
315.542
255.233
317.656
243.713
222.74
242.142
267.146
215.436
225.142
214.131
429.606
413.588
253.651
225.353
263.077
221.263
258.676
200.569
310.224
185.567
270.335
260
257.422
164.188
233.726
283.731
238.636
212.603
207.47
183.71
212.482
220.24
336.954
360.416
358.82
326.357
217.63
222.848
395.873
239.328
416.757
293.395
297.075
234.219
140.172
223.028
295.309
189.407
325.981
205.036
353.106
205.08
202.274
351.793
272.082
204.604
252.495
225.213
366.603
174.478
