60.624
102.77
81.0397
83.999
83.999
95.707
64.7033
64.7033
84.0387
57.7096
57.7096
71.9817
71.9817
70.5492
123.852
123.852
86.5199
141.819
57.576
137.982
78.3336
109.211
98.3435
62.979
62.979
76.852
76.852
64.4181
64.4181
42.0515
77.6665
77.6665
77.227
63.6575
63.6575
95.3312
36.5522
36.5522
85.6066
85.6614
85.6614
103.721
70.4113
105.685
105.685
98.2427
75.9059
82.0188
82.0188
69.5404
86.3243
72.891
72.891
39.2986
62.0403
62.0403
73.0166
84.1001
103.322
103.322
99.0154
92.3657
42.2278
42.2278
74.9375
74.9375
92.3601
93.0845
93.0845
95.9487
64.2654
48.8185
48.8185
68.8504
101.248
101.248
78.7415
57.6964
40.7004
40.7004
58.218
56.0246
56.0246
71.3996
65.5817
89.7253
89.7253
37.224
125.927
125.927
82.0095
48.2458
51.0194
86.2509
69.079
69.079
89.5292
27.5199
27.5199
104.659
