74.4042
74.4042
46.849
46.849
68.6767
68.6767
61.6328
45.2593
45.2593
46.7601
46.7601
55.489
55.489
92.9375
92.9375
42.4732
42.4732
54.5325
54.5325
85.6038
85.6038
56.3125
65.0354
65.0354
42.368
42.368
61.4105
61.4105
61.4105
42.2765
42.2765
58.2072
58.2072
77.5393
77.5393
79.975
37.8185
37.8185
37.5702
34.2525
34.2525
75.3633
56.9821
56.9821
44.7644
29.0812
29.0812
57.3077
57.3077
87.3335
52.8811
55.4382
55.4382
52.3599
56.6763
56.6763
37.6496
37.6496
22.9721
36.3478
36.3478
68.2469
43.9559
43.9559
87.1917
87.1917
68.5467
48.8621
48.8621
29.5576
29.5576
45.4386
97.0358
97.0358
46.2854
46.2854
40.1185
59.8024
59.8024
41.1206
48.8708
48.8708
44.8912
54.0575
54.0575
72.3512
72.3512
61.3572
61.3572
89.1932
62.3665
62.3665
30.371
30.371
30.371
50.0812
50.0812
37.9959
37.9959
66.6857
