117.062
57.5282
82.7453
153.522
93.5505
88.8805
114.158
114.158
82.1124
115.713
53.5711
66.2001
109.005
109.005
70.3707
73.4291
100.738
98.5667
143.787
92.1166
123.138
66.7207
185.243
150.692
53.0451
140.58
112.166
83.4329
104.119
99.8538
57.2077
164.176
96.8793
152.101
131.071
67.7523
122.293
114.021
168.488
135.289
107.768
141.668
299.836
57.2106
57.2106
88.3801
56.8896
93.7644
218.952
132.959
85.2285
134.659
134.497
158.32
155.429
153.194
118.284
56.8613
159.303
108.957
95.8245
95.8245
139.727
111.266
37.6573
109.171
73.0403
73.0403
171.331
87.5083
104.998
93.9173
72.6582
126.303
70.0843
209.603
109.858
116.711
82.2022
76.7691
69.762
120.777
115.957
66.1388
145.237
103.057
183.892
119.394
123.73
108.278
96.1306
103.828
203.304
107.004
107.182
107.182
105.471
146.369
59.9269
66.0112
