604.412
924.617
743.097
552.928
662.778
928.744
906.818
764.502
954.474
2596.7
909.999
878.223
748.19
713.102
589.815
728.578
743.778
953.717
970.171
802.819
670.096
549.536
781.873
942.659
745.58
798.261
909.197
806.075
776.682
746.165
1006.37
2522.97
798.719
622.83
883.541
777.933
755.434
891.063
664.948
569.051
735.199
596.759
667.584
506.469
757.56
741.937
498.586
527.3
467.042
673.574
853.459
804.954
848.733
841.557
533.246
889.6
945.784
635.729
968.394
900.627
660.578
769.043
971.434
927.184
973.445
659.972
1120.33
927.378
683.504
638.378
851.415
698.172
686.867
666.167
469.135
679.997
714.349
503.012
800.797
718.503
698.532
622.391
602.185
900.742
813.496
618.33
689.508
636.758
929.571
1139.16
1036.5
881.868
830.207
491.828
973.686
824.355
676.43
681.216
867.734
763.173
