229.228
147.066
229.395
261.223
240.86
144.587
152.263
120.301
234.302
187.476
144.776
219.652
202.2
152.287
219.179
240.147
172.661
206.893
206.167
141.473
176.559
187.112
306.235
203.392
202.644
122.873
192.758
177.182
169.69
140.808
194.863
160.262
235.685
162.624
229.149
206.713
151.353
134.837
142.822
153.872
156.434
268.305
186.438
213.515
185.557
146.644
171.506
215.736
188.85
192.182
243.012
186.501
184.632
187.687
150.568
126.17
204.92
156.054
196.014
144.154
188.944
249.764
193.481
165.654
171.901
117.936
180.299
205.71
249.008
222.798
159.069
133.709
167.552
153.097
203.267
180.625
286.052
166.292
199.584
111.358
192.552
206.117
145.124
253.872
239.994
117.963
189.632
186.638
212.671
236.187
180.402
202.348
183.901
161.596
239.299
193.701
302.311
96.5295
180.152
199.812
