257.737
266.512
343.226
302.287
292.342
475.894
280.287
360.211
416.583
276.703
362.112
411.872
302.609
591.443
394.76
300.814
293.826
258.757
247.827
376.792
383.629
346.843
233.933
333.271
316.411
234.229
450.92
311.22
294.992
189.696
231.316
484.902
341.803
298.967
380.25
307.108
386.923
272.153
340.42
434.27
493.982
322.396
286.557
431.907
323.308
272.349
243.837
409.019
394.719
435.595
325.251
280.605
253.682
179.524
290.349
326.281
293.449
297.218
317.246
307.191
286.079
368.676
189.91
366.367
295.197
332.86
280.363
227.583
293.11
319.694
242.826
436.707
286.978
383.229
390.379
181.991
257.892
579.297
283.886
250.244
356.425
372.024
336.357
265.867
363.871
335.523
254.469
190.189
197.55
211.709
193.571
349.467
436.785
265.993
298.563
318.017
439.168
276.438
314.391
304.289
