951.393
164.333
158.639
144.133
142.027
168.125
133.115
163.144
152.421
140
158.072
168.11
140.279
149.974
150.695
128.312
157.222
117.943
173.067
147.261
209.887
154.433
131.39
158.93
152.822
182.266
134.793
145.478
133.261
130.389
186.674
144.71
144.413
151.449
162.415
138.291
162.419
152.141
145.657
160.492
171.712
133.848
131.601
116.817
142.439
126.785
189.406
144.462
144.176
124.483
174.735
188.64
148.557
153.321
155.274
155.144
151.102
144.712
162.297
181.095
140.091
147.723
135.755
140.104
164.811
155.51
130.82
142.449
138.267
166.249
168.579
124.138
128.727
126.005
136.793
163.088
168.127
135.834
148.437
224.369
164.498
152.424
128.462
140.85
123.529
178.64
156.05
120.344
146.862
140.646
148.847
146.53
160.166
130.074
160.811
124.88
128.985
143.091
203.614
144.584
