1037.18
732.346
1357.99
1565.6
1169.3
1265.02
1454.43
1290.67
1342.01
1624.7
741.05
1097.43
1289.63
1593.89
898.699
705.892
1107.58
1216.82
1451.66
1019.81
1555.49
1330.36
1282.38
909.431
1575.37
834.214
1202.34
719.755
1275.16
2464.96
898.401
1188.28
1180.34
1239.26
1166.44
1024.92
1271.5
1062.41
883.578
1251.18
1321.5
1275.34
1551.71
884.67
653.932
1156.89
1613.59
1167.36
1416.55
1023.02
823.838
1713.59
1632.13
1264.76
862.759
1286.48
1425.34
1231.98
799.752
1055.2
1368.57
1232.26
1581.55
1659
1370.41
952.637
1383.53
799.088
1729.4
1848.09
992.98
999.292
1042.55
1113.69
1425.68
1547.01
1139.49
987.557
1064.95
1135.05
1156.58
1354.71
1258.3
1474.86
1523.01
766.186
1137.64
1131.51
1407.69
1337
904.09
1348.23
1193.41
1177.16
1441.18
839.335
755.505
1018.8
1386.29
1411.08
