102.14
68.6612
145.897
276.214
118.981
143.571
133.945
109.835
232.334
218.66
193.863
169.796
201.626
77.4449
61.4967
414.751
204.842
135.48
136.204
142.209
69.5293
106.861
166.697
79.6054
127.453
94.1808
124.71
176.77
209.023
147.867
181.793
138.725
156.017
132.104
112.615
71.8656
82.0157
153.556
85.4833
157.246
115.757
120.112
170.97
197.017
147.803
69.9881
125.522
186.41
137.907
162.054
126.974
116.319
71.8602
71.8602
128.692
135.565
166.031
88.421
157.112
167.605
127.026
137.43
119.444
136.262
156.991
175.084
214.223
173.167
124.284
152.169
88.8679
177.75
136.391
138.603
129.184
271.446
125.62
185.418
180.851
145.516
114.487
102.767
126.585
250.76
139.106
105.03
104.546
100.81
72.4737
170.282
199.373
120.144
114.294
132.779
139.296
205.622
96.5953
160.977
183.277
87.719
